[76, 46, 49, 36, 16, 57, 63, 18, 48, 17, 78, 53, 75, 73, 59]
[53, 75, 39, 73, 31, 59, 93, 98, 45, 82, 42, 25, 21, 51, 35, 54, 61, 92, 71, 58, 99, 33, 29]
[78, 53, 39, 59, 45, 82, 42, 25, 21, 51, 71, 58, 33]
[48, 17, 78, 53, 75, 39, 73, 31, 93, 98, 82, 21, 84, 92, 58]
[54, 71, 29, 32, 46, 44, 16]
[37, 44, 86, 63, 17, 39, 31, 93, 82]
[42, 25, 21, 84, 51, 54, 92, 71, 99, 56, 32, 24, 28, 55, 46]
[49, 37, 13, 16, 86, 57, 63, 85, 11, 48, 17, 53, 75, 39, 59, 98, 45]
[55, 76, 19, 49, 36, 44, 16, 57, 78, 75, 73]
[11, 18, 17, 39, 31, 93, 45, 82, 51, 54, 92]
[29, 55, 76, 57, 11, 18, 48]
[93, 98, 82, 42, 25, 21, 84, 51, 35, 54, 61, 92, 71, 58, 99, 29, 79, 56, 32, 24, 28]
[53, 75, 73, 31, 59, 93, 98, 82, 42, 25, 21, 84, 35, 54, 61, 92, 71, 58, 99, 33, 29]
[24, 95, 28, 76, 19, 46, 37, 36, 13, 16, 86, 57, 63, 85, 11, 18, 75]
[31, 59, 93, 98, 45, 82, 21, 84, 51, 35, 54, 61, 92, 71, 58, 33, 29, 79, 56, 32, 24]
[13, 16, 57, 63, 85, 11, 18, 75, 39, 73, 31, 59, 93, 98, 45, 82, 25]
[24, 55, 76, 19, 46, 37, 36, 13, 44, 16, 86, 63, 85, 11, 78, 53, 75]
[61, 29, 24, 16, 86]
[95, 37, 44, 57, 18]
[44, 57, 63, 11, 18, 48, 53, 39, 31, 59, 98, 42, 25]
[48, 78, 31, 93, 98, 82, 42, 21, 84, 51, 35, 54, 61, 71, 58]
[32, 24, 95, 28, 76, 19, 46, 49, 37, 13, 44, 16, 57, 63, 85, 11, 18, 17, 78]
[95, 19, 46, 37, 36, 13, 16, 86, 57, 63, 85, 18, 48, 17, 78, 75, 39]
[25, 84, 54, 61, 99, 56, 32, 24, 28, 55, 19, 46, 49]
[71, 99, 33, 29, 56, 32, 95, 28, 55, 19, 46, 37, 36, 13, 44, 16, 86, 57, 63]
[82, 42, 25, 21, 35, 61, 92, 71, 99, 33, 79, 24, 28, 76, 19]
[98, 25, 21, 51, 35, 61, 92, 71, 58, 99, 29, 56, 24, 95, 55]
[46, 37, 13, 63, 11, 18, 53, 93, 98]
[95, 55, 76, 19, 37, 13, 86, 57, 18, 17, 78, 53, 39]
[57, 85, 78, 53, 39, 31, 59, 93, 25, 21, 84, 51, 35]
[35, 54, 71, 58, 99, 33, 56, 32, 24, 95, 28, 55, 76, 46, 49, 37, 36, 13, 44]
[56, 95, 28, 55, 19, 49, 37, 36, 16, 86, 57, 63, 11, 18, 48]
[55, 76, 49, 36, 13, 44, 16, 63, 18, 48, 78, 73, 31]
[84, 51, 35, 54, 61, 71, 58, 99, 33, 29, 56, 32, 95, 55, 76, 19, 46, 49, 36]
[85, 11, 78, 53, 73, 31, 59, 42, 21, 84, 35]
[24, 95, 28, 55, 76, 19, 46, 49, 37, 36, 13, 44, 16, 86, 57, 63, 85, 11, 17, 78, 53]
[45, 82, 61, 33, 29, 24, 76]
[44, 16, 86, 63, 85, 11, 18, 48, 17, 78, 53, 75, 39, 73, 31, 59, 93, 98, 45, 82, 42, 25, 21]
[75, 39, 73, 31, 59, 93, 98, 45, 82, 42, 25, 21, 84, 51, 35, 54, 92, 71, 58, 99, 33, 29, 79]
[58, 99, 95, 49, 36, 44, 57, 63, 85]
[93, 98, 42, 25, 21, 84, 35, 54, 61, 92, 71, 58, 99, 33, 29, 79, 56, 32, 24, 95, 28]
[46, 49, 37, 13, 44, 16, 57, 63, 18, 17, 75, 73, 31, 93, 98]
[42, 21, 84, 51, 92, 71, 79, 56, 55, 19, 46]
[54, 61, 71, 33, 29, 79, 56, 36, 44]
[58, 33, 29, 79, 95, 28, 55, 19, 49, 37, 36, 13, 44, 16, 85]
[99, 56, 95, 28, 55, 76, 49, 37, 13, 44, 86, 57, 63, 85, 11]
[53, 75, 39, 73, 31, 59, 93, 98, 82, 42, 25, 21, 84, 51, 35, 54, 61, 92, 71, 58, 99, 33, 29]
[33, 29, 79, 32, 24, 28, 55, 76, 46, 49, 36, 13, 44, 16, 86, 57, 85]
[86, 48, 78, 98, 25]
[36, 18, 73, 93, 45, 82, 42]
[44, 16, 57, 63, 85, 11, 18, 48, 17, 78, 53, 75, 39, 73, 93, 98, 45, 82, 42, 25, 21]
[54, 61, 71, 99, 79, 32, 95, 28, 19, 46, 49, 37, 36, 44, 16]
[92, 71, 33, 79, 95, 55, 57]
[85, 53, 39, 73, 42, 25, 61]
[99, 33, 29, 56, 32, 24, 95, 46, 49, 37, 44, 16, 57, 63, 11]
[82, 42, 25, 21, 84, 51, 35, 54, 92, 71, 58, 33, 29, 79, 56, 32, 24, 95, 28, 55, 19]
[49, 37, 13, 16, 57, 63, 18, 17, 53, 75, 31]
[28, 55, 76, 19, 49, 37, 36, 63, 85, 11, 18, 48, 17, 78, 75, 39, 73]
[32, 95, 28, 55, 76, 46, 37, 13, 44, 86, 63, 85, 18, 78, 53]
[53, 75, 39, 73, 21, 51, 54, 92, 99, 33, 29]
[16, 86, 57, 63, 85, 11, 48, 78, 53, 73, 31, 93, 98, 82, 42, 21, 84]
[31, 82, 21, 35, 54, 71, 29, 56, 24]
[45, 82, 42, 21, 84, 51, 35, 54, 33, 29, 79, 56, 32, 95, 28, 55, 76]
[42, 21, 84, 35, 54, 61, 92, 71, 58, 33, 29, 79, 56, 32, 24, 95, 55, 19, 46]
[46, 49, 36, 86, 57, 85, 11, 18, 48, 17, 78, 75, 39, 73, 31, 59, 98]
[35, 61, 71, 58, 29, 56, 24, 95, 76, 19, 46, 13, 44]
[79, 32, 28, 19, 46, 37, 86, 18, 17]
[25, 21, 71, 29, 32, 95, 76]
[84, 71, 99, 79, 24, 95, 28, 55, 46]
[33, 29, 79, 32, 28, 55, 46, 49, 37, 36, 44, 86, 57, 85, 18]
[54, 61, 92, 33, 56, 19, 16]
[45, 42, 21, 84, 51, 54, 92, 71, 33, 29, 79, 32, 28, 55, 76]
[33, 29, 79, 56, 32, 24, 95, 28, 55, 76, 19, 46, 49, 37, 36, 13, 44, 16, 86, 57, 63, 85, 18]
[35, 61, 71, 58, 99, 29, 32]
[51, 35, 61, 92, 58, 33, 79, 56, 32, 24, 95, 28, 55, 76, 19, 46, 49, 36, 13]
[44, 86, 48, 17, 78, 53, 75, 39, 73, 93, 82, 25, 21]
[59, 93, 45, 42, 25, 21, 84, 51, 35, 54, 61, 92, 71, 58, 33, 29, 79, 56, 32, 24, 95]
[44, 86, 63, 85, 75, 31, 93, 98, 45, 82, 25]
[79, 56, 24, 95, 28, 55, 76, 19, 46, 49, 37, 36, 13, 44, 16, 86, 63, 85, 11, 18, 17]
[58, 99, 33, 79, 32, 24, 95, 28, 76, 46, 49, 37, 13, 44, 16, 86, 85]
[79, 56, 32, 46, 37, 13, 16, 86, 63, 18, 17]
[92, 58, 99, 29, 24, 55, 76, 19, 46, 36, 44, 86, 57]
[55, 36, 44, 86, 17]
[32, 24, 95, 28, 55, 76, 19, 46, 49, 37, 36, 13, 86, 57, 63, 85, 11, 18, 17, 78, 53]
[51, 35, 54, 61, 71, 58, 99, 29, 79, 56, 32, 24, 95, 28, 55, 19, 49, 37, 36]
[82, 42, 84, 35, 54, 61, 58, 33, 29, 79, 56]
[29, 24, 28, 55, 13, 44, 57, 63, 48]
[55, 46, 37, 16, 63, 85, 18, 73, 31]
[16, 57, 63, 85, 11, 48, 17, 78, 73, 93, 98, 45, 84]
[33, 29, 32, 24, 95, 28, 55, 76, 46, 49, 36, 13, 44, 16, 86, 57, 85, 11, 18]
[79, 56, 32, 95, 55, 19, 46, 49, 36, 44, 86, 57, 85, 18, 17]
[98, 21, 84, 35, 61, 71, 99, 79, 32, 24, 95, 28, 55]
[18, 17, 78, 53, 75, 39, 73, 31, 59, 93, 98, 45, 82, 42, 25, 21, 84, 51, 35, 54, 61, 92, 71]
[95, 55, 76, 46, 49, 37, 44, 16, 63, 85, 18, 48, 17, 78, 53, 75, 39]
[21, 84, 51, 35, 54, 61, 71, 99, 29, 79, 95, 76, 19, 46, 37]
[19, 49, 37, 36, 16, 57, 63, 11, 48, 17, 78, 53, 75, 39, 73, 59, 93]
[57, 63, 85, 11, 18, 48, 17, 78, 53, 75, 39, 73, 31, 93, 98, 45, 82, 42, 25, 21, 84, 51, 35]
[59, 93, 98, 45, 82, 42, 21, 35, 61, 92, 71, 58, 99, 56, 32, 24, 95]
[55, 19, 46, 36, 86, 85, 18, 78, 53, 39, 31]
[54, 61, 58, 29, 28, 46, 49, 37, 13, 44, 16]
[98, 45, 82, 42, 25, 21, 84, 51, 35, 54, 61, 92, 71, 58, 33, 29, 79, 56, 32, 24, 95, 28, 55]
[82, 42, 25, 21, 35, 54, 71, 33, 32, 24, 95, 28, 19]
[21, 51, 35, 54, 58, 99, 33, 29, 56, 32, 95, 28, 55, 76, 19, 46, 49]
[86, 85, 39, 73, 45, 21, 51]
[54, 61, 92, 71, 58, 99, 29, 79, 32, 95, 55, 76, 46, 49, 36, 13, 44]
[73, 59, 93, 98, 25, 51, 35, 54, 61, 99, 33, 29, 79, 56, 32]
[33, 19, 46, 86, 63, 11, 18]
[42, 84, 35, 61, 58, 56, 46]
[56, 32, 95, 76, 19, 46, 49, 37, 36, 86, 57, 85, 11, 48, 78]
[98, 45, 42, 21, 84, 51, 35, 71, 58, 33, 29, 79, 56, 32, 24, 95, 28]
[78, 75, 73, 31, 93, 98, 45, 42, 21, 35, 61, 92, 58, 99, 33]
[63, 17, 78, 39, 93, 98, 42, 84, 35]
[84, 51, 35, 92, 71, 58, 99, 79, 24, 28, 55, 76, 49, 37, 36]
[25, 21, 51, 35, 54, 92, 71, 99, 33, 29, 79, 32, 95, 28, 55, 76, 49]
[56, 32, 24, 95, 28, 19, 46, 37, 36, 13, 44, 16, 86, 63, 85, 11, 18, 17, 78]
[54, 99, 32, 95, 49, 36, 16]
[31, 93, 45, 82, 42, 25, 51, 35, 61, 92, 58, 56, 32]
5723
